{
 "cells": [
  {
   "cell_type": "code",
   "execution_count": 15,
   "metadata": {},
   "outputs": [],
   "source": [
    "#f'(x[i]) = (f(x[i+1]) - f(x[i]))/ step\n",
    "\n",
    "import pandas as pd\n",
    "\n",
    "\n",
    "#discretisation\n",
    "\n",
    "def euler(beta, gama, mu, S, I, R, D, step, time):\n",
    "    time_update = time[-1] + step\n",
    "\n",
    "    S_update = (-beta * S[-1] * I[-1])* step + S[-1]\n",
    "    I_update = (beta * S[-1] * I[-1] - (gama * I[-1]) - mu * I[-1])* step + I[-1]\n",
    "    R_update = (gama * I[-1])* step + R[-1]\n",
    "    D_update = (mu * I[-1])* step + D[-1]\n",
    "\n",
    "    S.append(S_update)\n",
    "    I.append(I_update)\n",
    "    R.append(R_update)\n",
    "    D.append(D_update)\n",
    "    time.append(time_update)\n",
    "    dataframe = pd.DataFrame({'Time': time, 'S': S, 'I': I, 'R': R, 'D': D})\n",
    "    return dataframe"
   ]
  },
  {
   "cell_type": "code",
   "execution_count": 23,
   "metadata": {},
   "outputs": [
    {
     "name": "stdout",
     "output_type": "stream",
     "text": [
      "     Time              S          I          R         D\n",
      "0    0.00   9.900000e+01   1.000000   0.000000  0.000000\n",
      "1    0.01   9.850500e+01   1.493350   0.001500  0.000150\n",
      "2    0.02   9.776949e+01   2.226398   0.003740  0.000374\n",
      "3    0.03   9.668112e+01   3.311094   0.007080  0.000708\n",
      "4    0.04   9.508052e+01   4.906232   0.012046  0.001205\n",
      "5    0.05   9.274808e+01   7.230571   0.019406  0.001941\n",
      "6    0.06   8.939497e+01  10.571749   0.030251  0.003025\n",
      "7    0.07   8.466967e+01  15.279612   0.046109  0.004611\n",
      "8    0.08   7.820107e+01  21.722999   0.069029  0.006903\n",
      "9    0.09   6.970726e+01  30.180965   0.101613  0.010161\n",
      "10   0.10   5.918810e+01  40.650328   0.146884  0.014688\n",
      "11   0.11   4.715802e+01  52.613334   0.207860  0.020786\n",
      "12   0.12   3.475232e+01  64.932225   0.286780  0.028678\n",
      "13   0.13   2.346959e+01  76.107813   0.384178  0.038418\n",
      "14   0.14   1.453849e+01  84.913331   0.498340  0.049834\n",
      "15   0.15   8.365935e+00  90.945784   0.625710  0.062571\n",
      "16   0.16   4.561702e+00  94.599956   0.762129  0.076213\n",
      "17   0.17   2.404018e+00  96.601550   0.904029  0.090403\n",
      "18   0.18   1.242859e+00  97.603317   1.048931  0.104893\n",
      "19   0.19   6.363230e-01  98.048807   1.195336  0.119534\n",
      "20   0.20   3.243695e-01  98.198981   1.342409  0.134241\n",
      "21   0.21   1.651057e-01  98.196216   1.489708  0.148971\n",
      "22   0.22   8.404193e-02  98.115256   1.637002  0.163700\n",
      "23   0.23   4.281295e-02  97.994595   1.784175  0.178417\n",
      "24   0.24   2.183576e-02  97.853881   1.931167  0.193117\n",
      "25   0.25   1.115219e-02  97.703106   2.077948  0.207795\n",
      "26   0.26   5.704173e-03  97.547343   2.224502  0.222450\n",
      "27   0.27   2.922038e-03  97.389172   2.370823  0.237082\n",
      "28   0.28   1.499164e-03  97.229903   2.516907  0.251691\n",
      "29   0.29   7.703461e-04  97.070203   2.662752  0.266275\n",
      "30   0.30   3.964578e-04  96.910411   2.808357  0.280836\n",
      "31   0.31   2.043534e-04  96.750701   2.953723  0.295372\n",
      "32   0.32   1.054967e-04  96.591161   3.098849  0.309885\n",
      "33   0.33   5.454647e-05  96.431836   3.243736  0.324374\n",
      "34   0.34   2.824639e-05  96.272750   3.388383  0.338838\n",
      "35   0.35   1.464960e-05  96.113914   3.532792  0.353279\n",
      "36   0.36   7.609448e-06  95.955333   3.676963  0.367696\n",
      "37   0.37   3.958612e-06  95.797010   3.820896  0.382090\n",
      "38   0.38   2.062496e-06  95.638947   3.964592  0.396459\n",
      "39   0.39   1.076221e-06  95.481144   4.108050  0.410805\n",
      "40   0.40   5.624271e-07  95.323600   4.251272  0.425127\n",
      "41   0.41   2.943642e-07  95.166317   4.394257  0.439426\n",
      "42   0.42   1.542964e-07  95.009292   4.537007  0.453701\n",
      "43   0.43   8.099846e-08  94.852527   4.679521  0.467952\n",
      "44   0.44   4.258392e-08  94.696020   4.821800  0.482180\n",
      "45   0.45   2.242128e-08  94.539772   4.963844  0.496384\n",
      "46   0.46   1.182277e-08  94.383781   5.105653  0.510565\n",
      "47   0.47   6.243379e-09  94.228048   5.247229  0.524723\n",
      "48   0.48   3.301872e-09  94.072572   5.388571  0.538857\n",
      "49   0.49   1.748794e-09  93.917352   5.529680  0.552968\n",
      "50   0.50   9.275836e-10  93.762389   5.670556  0.567056\n",
      "51   0.51   4.927213e-10  93.607681   5.811199  0.581120\n",
      "52   0.52   2.621088e-10  93.453228   5.951611  0.595161\n",
      "53   0.53   1.396342e-10  93.299030   6.091791  0.609179\n",
      "54   0.54   7.449554e-11  93.145087   6.231739  0.623174\n",
      "55   0.55   3.980107e-11  92.991397   6.371457  0.637146\n",
      "56   0.56   2.129529e-11  92.837962   6.510944  0.651094\n",
      "57   0.57   1.141023e-11  92.684779   6.650201  0.665020\n",
      "58   0.58   6.122458e-12  92.531849   6.789228  0.678923\n",
      "59   0.59   3.289846e-12  92.379171   6.928026  0.692803\n",
      "60   0.60   1.770280e-12  92.226746   7.066595  0.706659\n",
      "61   0.61   9.539441e-13  92.074572   7.204935  0.720493\n",
      "62   0.62   5.147741e-13  91.922649   7.343047  0.734305\n",
      "63   0.63   2.781771e-13  91.770976   7.480931  0.748093\n",
      "64   0.64   1.505342e-13  91.619554   7.618587  0.761859\n",
      "65   0.65   8.157481e-14  91.468382   7.756016  0.775602\n",
      "66   0.66   4.426723e-14  91.317459   7.893219  0.789322\n",
      "67   0.67   2.405538e-14  91.166785   8.030195  0.803020\n",
      "68   0.68   1.309012e-14  91.016360   8.166945  0.816695\n",
      "69   0.69   7.133044e-15  90.866183   8.303470  0.830347\n",
      "70   0.70   3.892282e-15  90.716254   8.439769  0.843977\n",
      "71   0.71   2.126816e-15  90.566572   8.575844  0.857584\n",
      "72   0.72   1.163724e-15  90.417137   8.711693  0.871169\n",
      "73   0.73   6.376208e-16  90.267949   8.847319  0.884732\n",
      "74   0.74   3.498372e-16  90.119007   8.982721  0.898272\n",
      "75   0.75   1.922023e-16  89.970310   9.117900  0.911790\n",
      "76   0.76   1.057398e-16  89.821859   9.252855  0.925286\n",
      "77   0.77   5.825107e-17  89.673653   9.387588  0.938759\n",
      "78   0.78   3.213314e-17  89.525692   9.522098  0.952210\n",
      "79   0.79   1.774943e-17  89.377974   9.656387  0.965639\n",
      "80   0.80   9.817391e-18  89.230501   9.790454  0.979045\n",
      "81   0.81   5.437337e-18  89.083270   9.924300  0.992430\n",
      "82   0.82   3.015458e-18  88.936283  10.057924  1.005792\n",
      "83   0.83   1.674540e-18  88.789538  10.191329  1.019133\n",
      "84   0.84   9.311318e-19  88.643035  10.324513  1.032451\n",
      "85   0.85   5.184401e-19  88.496774  10.457478  1.045748\n",
      "86   0.86   2.890387e-19  88.350755  10.590223  1.059022\n",
      "87   0.87   1.613548e-19  88.204976  10.722749  1.072275\n",
      "88   0.88   9.019330e-20  88.059438  10.855057  1.085506\n",
      "89   0.89   5.048144e-20  87.914140  10.987146  1.098715\n",
      "90   0.90   2.829128e-20  87.769081  11.119017  1.111902\n",
      "91   0.91   1.587578e-20  87.624262  11.250671  1.125067\n",
      "92   0.92   8.920263e-21  87.479682  11.382107  1.138211\n",
      "93   0.93   5.018554e-21  87.335341  11.513326  1.151333\n",
      "94   0.94   2.827069e-21  87.191238  11.644329  1.164433\n",
      "95   0.95   1.594591e-21  87.047372  11.775116  1.177512\n",
      "96   0.96   9.005660e-22  86.903744  11.905687  1.190569\n",
      "97   0.97   5.092532e-22  86.760353  12.036043  1.203604\n",
      "98   0.98   2.883383e-22  86.617198  12.166183  1.216618\n",
      "99   0.99   1.634630e-22  86.474280  12.296109  1.229611\n",
      "100  1.00   9.278627e-23  86.331597  12.425821  1.242582\n",
      "101  1.01   5.273434e-23  86.189150  12.555318  1.255532\n",
      "102  1.02   3.000870e-23  86.046938  12.684602  1.268460\n",
      "103  1.03   1.709792e-23  85.904961  12.813672  1.281367\n",
      "104  1.04   9.753937e-24  85.763217  12.942530  1.294253\n",
      "105  1.05   5.571292e-24  85.621708  13.071175  1.307117\n",
      "106  1.06   3.186174e-24  85.480432  13.199607  1.319961\n",
      "107  1.07   1.824396e-24  85.339390  13.327828  1.332783\n",
      "108  1.08   1.045932e-24  85.198580  13.455837  1.345584\n",
      "109  1.09   6.003724e-25  85.058002  13.583635  1.358363\n",
      "110  1.10   3.450400e-25  84.917656  13.711222  1.371122\n",
      "111  1.11   1.985401e-25  84.777542  13.838598  1.383860\n",
      "112  1.12   1.143814e-25  84.637659  13.965764  1.396576\n",
      "113  1.13   6.597652e-26  84.498007  14.092721  1.409272\n",
      "114  1.14   3.810210e-26  84.358585  14.219468  1.421947\n",
      "115  1.15   2.203090e-26  84.219394  14.346006  1.434601\n",
      "116  1.16   1.275376e-26  84.080432  14.472335  1.447233\n",
      "117  1.17   7.392049e-27  83.941699  14.598456  1.459846\n",
      "118  1.18   4.289543e-27  83.803195  14.724368  1.472437\n",
      "119  1.19   2.492156e-27  83.664920  14.850073  1.485007\n",
      "120  1.20   1.449626e-27  83.526873  14.975570  1.497557\n",
      "121  1.21   8.442124e-28  83.389053  15.100861  1.510086\n",
      "122  1.22   4.922220e-28  83.251461  15.225944  1.522594\n",
      "123  1.23   2.873310e-28  83.114096  15.350821  1.535082\n",
      "124  1.24   1.679247e-28  82.976958  15.475493  1.547549\n",
      "125  1.25   9.825531e-29  82.840046  15.599958  1.559996\n",
      "126  1.26   5.755794e-29  82.703360  15.724218  1.572422\n",
      "127  1.27   3.375676e-29  82.566900  15.848273  1.584827\n",
      "128  1.28   1.982081e-29  82.430664  15.972123  1.597212\n",
      "129  1.29   1.165160e-29  82.294654  16.095769  1.609577\n",
      "130  1.30   6.857275e-30  82.158867  16.219211  1.621921\n",
      "131  1.31   4.040345e-30  82.023305  16.342450  1.634245\n",
      "132  1.32   2.383333e-30  81.887967  16.465485  1.646548\n",
      "133  1.33   1.407502e-30  81.752852  16.588317  1.658832\n",
      "134  1.34   8.321652e-31  81.617960  16.710946  1.671095\n",
      "135  1.35   4.925671e-31  81.483290  16.833373  1.683337\n",
      "136  1.36   2.918871e-31  81.348842  16.955598  1.695560\n",
      "137  1.37   1.731637e-31  81.214617  17.077621  1.707762\n",
      "138  1.38   1.028466e-31  81.080613  17.199443  1.719944\n",
      "139  1.39   6.115228e-32  80.946830  17.321064  1.732106\n",
      "140  1.40   3.640186e-32  80.813267  17.442484  1.744248\n",
      "141  1.41   2.169309e-32  80.679926  17.563704  1.756370\n",
      "142  1.42   1.294211e-32  80.546804  17.684724  1.768472\n",
      "143  1.43   7.729881e-33  80.413901  17.805544  1.780554\n",
      "144  1.44   4.621932e-33  80.281219  17.926165  1.792616\n",
      "145  1.45   2.766660e-33  80.148755  18.046587  1.804659\n",
      "146  1.46   1.657938e-33  80.016509  18.166810  1.816681\n",
      "147  1.47   9.946261e-34  79.884482  18.286835  1.828683\n",
      "148  1.48   5.973502e-34  79.752672  18.406661  1.840666\n",
      "149  1.49   3.591488e-34  79.621081  18.526290  1.852629\n",
      "150  1.50   2.161697e-34  79.489706  18.645722  1.864572\n",
      "151  1.51   1.302534e-34  79.358548  18.764957  1.876496\n",
      "152  1.52   7.856979e-35  79.227606  18.883994  1.888399\n",
      "153  1.53   4.744531e-35  79.096881  19.002836  1.900284\n",
      "154  1.54   2.868143e-35  78.966371  19.121481  1.912148\n",
      "155  1.55   1.735709e-35  78.836076  19.239931  1.923993\n",
      "156  1.56   1.051526e-35  78.705997  19.358185  1.935818\n",
      "157  1.57   6.377192e-36  78.576132  19.476244  1.947624\n",
      "158  1.58   3.871717e-36  78.446481  19.594108  1.959411\n",
      "159  1.59   2.353104e-36  78.317044  19.711778  1.971178\n",
      "160  1.60   1.431663e-36  78.187821  19.829253  1.982925\n",
      "161  1.61   8.719701e-37  78.058811  19.946535  1.994654\n",
      "162  1.62   5.316453e-37  77.930014  20.063623  2.006362\n",
      "163  1.63   3.244897e-37  77.801430  20.180518  2.018052\n",
      "164  1.64   1.982609e-37  77.673058  20.297220  2.029722\n",
      "165  1.65   1.212632e-37  77.544897  20.413730  2.041373\n",
      "166  1.66   7.424651e-38  77.416948  20.530047  2.053005\n",
      "167  1.67   4.550682e-38  77.289210  20.646173  2.064617\n",
      "168  1.68   2.792089e-38  77.161683  20.762107  2.076211\n",
      "169  1.69   1.714877e-38  77.034366  20.877849  2.087785\n",
      "170  1.70   1.054355e-38  76.907259  20.993401  2.099340\n",
      "171  1.71   6.489172e-39  76.780362  21.108762  2.110876\n",
      "172  1.72   3.997967e-39  76.653675  21.223932  2.122393\n",
      "173  1.73   2.465673e-39  76.527196  21.338913  2.133891\n",
      "174  1.74   1.522218e-39  76.400926  21.453703  2.145370\n",
      "175  1.75   9.407235e-40  76.274865  21.568305  2.156830\n",
      "176  1.76   5.819557e-40  76.149011  21.682717  2.168272\n",
      "177  1.77   3.603789e-40  76.023365  21.796941  2.179694\n",
      "178  1.78   2.233928e-40  75.897927  21.910976  2.191098\n",
      "179  1.79   1.386176e-40  75.772695  22.024823  2.202482\n",
      "180  1.80   8.610044e-41  75.647670  22.138482  2.213848\n",
      "181  1.81   5.353395e-41  75.522852  22.251953  2.225195\n",
      "182  1.82   3.331877e-41  75.398239  22.365237  2.236524\n",
      "183  1.83   2.075789e-41  75.273832  22.478335  2.247833\n",
      "184  1.84   1.294526e-41  75.149630  22.591245  2.259125\n",
      "185  1.85   8.081101e-42  75.025633  22.703970  2.270397\n",
      "186  1.86   5.049652e-42  74.901841  22.816508  2.281651\n",
      "187  1.87   3.158511e-42  74.778253  22.928861  2.292886\n",
      "188  1.88   1.977571e-42  74.654869  23.041029  2.304103\n",
      "189  1.89   1.239395e-42  74.531688  23.153011  2.315301\n",
      "190  1.90   7.775238e-43  74.408711  23.264808  2.326481\n",
      "191  1.91   4.882511e-43  74.285936  23.376421  2.337642\n",
      "192  1.92   3.069002e-43  74.163365  23.487850  2.348785\n",
      "193  1.93   1.930964e-43  74.040995  23.599095  2.359910\n",
      "194  1.94   1.216112e-43  73.918827  23.710157  2.371016\n",
      "195  1.95   7.666439e-44  73.796861  23.821035  2.382104\n",
      "196  1.96   4.837643e-44  73.675097  23.931730  2.393173\n",
      "197  1.97   3.055574e-44  73.553533  24.042243  2.404224\n",
      "198  1.98   1.931833e-44  73.432169  24.152573  2.415257\n",
      "199  1.99   1.222539e-44  73.311006  24.262722  2.426272\n",
      "200  2.00   7.744114e-45  73.190043  24.372688  2.437269\n",
      "201  2.01   4.910154e-45  73.069280  24.482473  2.448247\n",
      "202  2.02   3.116247e-45  72.948715  24.592077  2.459208\n",
      "203  2.03   1.979616e-45  72.828350  24.701500  2.470150\n",
      "204  2.04   1.258755e-45  72.708183  24.810743  2.481074\n",
      "205  2.05   8.011461e-46  72.588215  24.919805  2.491980\n",
      "206  2.06   5.103773e-46  72.468444  25.028687  2.502869\n",
      "207  2.07   3.254460e-46  72.348871  25.137390  2.513739\n",
      "208  2.08   2.077178e-46  72.229495  25.245913  2.524591\n",
      "209  2.09   1.327010e-46  72.110317  25.354257  2.535426\n",
      "210  2.10   8.485546e-47  71.991335  25.462423  2.546242\n",
      "211  2.11   5.431117e-47  71.872549  25.570410  2.557041\n",
      "212  2.12   3.479376e-47  71.753959  25.678219  2.567822\n",
      "213  2.13   2.231081e-47  71.635565  25.785850  2.578585\n",
      "214  2.14   1.431957e-47  71.517367  25.893303  2.589330\n",
      "215  2.15   9.199082e-48  71.399363  26.000579  2.600058\n",
      "216  2.16   5.915039e-48  71.281554  26.107678  2.610768\n",
      "217  2.17   3.806873e-48  71.163939  26.214600  2.621460\n",
      "218  2.18   2.452313e-48  71.046519  26.321346  2.632135\n",
      "219  2.19   1.581171e-48  70.929292  26.427916  2.642792\n",
      "220  2.20   1.020414e-48  70.812259  26.534310  2.653431\n",
      "221  2.21   6.591252e-49  70.695419  26.640529  2.664053\n",
      "222  2.22   4.261395e-49  70.578771  26.746572  2.674657\n",
      "223  2.23   2.757575e-49  70.462316  26.852440  2.685244\n",
      "224  2.24   1.786049e-49  70.346053  26.958133  2.695813\n",
      "225  2.25   1.157842e-49  70.229982  27.063652  2.706365\n",
      "226  2.26   7.512658e-50  70.114103  27.168997  2.716900\n",
      "227  2.27   4.878941e-50  69.998415  27.274168  2.727417\n",
      "228  2.28   3.171351e-50  69.882917  27.379166  2.737917\n",
      "229  2.29   2.063234e-50  69.767610  27.483990  2.748399\n",
      "230  2.30   1.343500e-50  69.652494  27.588642  2.758864\n",
      "231  2.31   8.756092e-51  69.537567  27.693121  2.769312\n",
      "232  2.32   5.711705e-51  69.422830  27.797427  2.779743\n",
      "233  2.33   3.729092e-51  69.308283  27.901561  2.790156\n",
      "234  2.34   2.436807e-51  69.193924  28.005524  2.800552\n",
      "235  2.35   1.593746e-51  69.079754  28.109315  2.810931\n",
      "236  2.36   1.043268e-51  68.965772  28.212934  2.821293\n",
      "237  2.37   6.835190e-52  68.851979  28.316383  2.831638\n",
      "238  2.38   4.482108e-52  68.738373  28.419661  2.841966\n",
      "239  2.39   2.941644e-52  68.624955  28.522768  2.852277\n",
      "240  2.40   1.932293e-52  68.511724  28.625706  2.862571\n",
      "241  2.41   1.270370e-52  68.398679  28.728473  2.872847\n",
      "242  2.42   8.359115e-53  68.285821  28.831071  2.883107\n",
      "243  2.43   5.505070e-53  68.173150  28.933500  2.893350\n",
      "244  2.44   3.628580e-53  68.060664  29.035760  2.903576\n",
      "245  2.45   2.393762e-53  67.948364  29.137851  2.913785\n",
      "246  2.46   1.580501e-53  67.836249  29.239773  2.923977\n",
      "247  2.47   1.044425e-53  67.724319  29.341528  2.934153\n",
      "248  2.48   6.907600e-54  67.612574  29.443114  2.944311\n",
      "249  2.49   4.572397e-54  67.501014  29.544533  2.954453\n",
      "250  2.50   3.029190e-54  67.389637  29.645785  2.964578\n",
      "251  2.51   2.008510e-54  67.278444  29.746869  2.974687\n",
      "252  2.52   1.332863e-54  67.167435  29.847787  2.984779\n",
      "253  2.53   8.852379e-55  67.056608  29.948538  2.994854\n",
      "254  2.54   5.884326e-55  66.945965  30.049123  3.004912\n",
      "255  2.55   3.914667e-55  66.835504  30.149542  3.014954\n",
      "256  2.56   2.606473e-55  66.725225  30.249795  3.024980\n",
      "257  2.57   1.736886e-55  66.615129  30.349883  3.034988\n",
      "258  2.58   1.158371e-55  66.505214  30.449806  3.044981\n",
      "259  2.59   7.731827e-56  66.395480  30.549563  3.054956\n",
      "260  2.60   5.165035e-56  66.285928  30.649157  3.064916\n",
      "261  2.61   3.453189e-56  66.176556  30.748585  3.074859\n",
      "262  2.62   2.310588e-56  66.067365  30.847850  3.084785\n",
      "263  2.63   1.547316e-56  65.958354  30.946951  3.094695\n",
      "264  2.64   1.037024e-56  65.849522  31.045889  3.104589\n",
      "265  2.65   6.955863e-57  65.740871  31.144663  3.114466\n",
      "266  2.66   4.669440e-57  65.632398  31.243274  3.124327\n",
      "267  2.67   3.137107e-57  65.524105  31.341723  3.134172\n",
      "268  2.68   2.109327e-57  65.415990  31.440009  3.144001\n",
      "269  2.69   1.419408e-57  65.308053  31.538133  3.153813\n",
      "270  2.70   9.559143e-58  65.200295  31.636095  3.163610\n",
      "271  2.71   6.442848e-58  65.092715  31.733896  3.173390\n",
      "272  2.72   4.345936e-58  64.985312  31.831535  3.183153\n",
      "273  2.73   2.933826e-58  64.878086  31.929013  3.192901\n",
      "274  2.74   1.982121e-58  64.771037  32.026330  3.202633\n",
      "275  2.75   1.340201e-58  64.664165  32.123486  3.212349\n",
      "276  2.76   9.068859e-59  64.557469  32.220483  3.222048\n",
      "277  2.77   6.141546e-59  64.450949  32.317319  3.231732\n",
      "278  2.78   4.162404e-59  64.344605  32.413995  3.241400\n",
      "279  2.79   2.823263e-59  64.238437  32.510512  3.251051\n",
      "280  2.80   1.916453e-59  64.132443  32.606870  3.260687\n",
      "281  2.81   1.301919e-59  64.026625  32.703069  3.270307\n",
      "282  2.82   8.851314e-60  63.920981  32.799109  3.279911\n",
      "283  2.83   6.022391e-60  63.815511  32.894990  3.289499\n",
      "284  2.84   4.100781e-60  63.710215  32.990713  3.299071\n",
      "285  2.85   2.794473e-60  63.605094  33.086279  3.308628\n",
      "286  2.86   1.905759e-60  63.500145  33.181686  3.318169\n",
      "287  2.87   1.300679e-60  63.395370  33.276936  3.327694\n",
      "288  2.88   8.883941e-61  63.290768  33.372029  3.337203\n",
      "289  2.89   6.072584e-61  63.186338  33.466966  3.346697\n",
      "290  2.90   4.154062e-61  63.082080  33.561745  3.356175\n",
      "291  2.91   2.843828e-61  62.977995  33.656368  3.365637\n",
      "292  2.92   1.948335e-61  62.874081  33.750835  3.375084\n",
      "293  2.93   1.335836e-61  62.770339  33.845146  3.384515\n",
      "294  2.94   9.165816e-62  62.666768  33.939302  3.393930\n",
      "295  2.95   6.293856e-62  62.563368  34.033302  3.403330\n",
      "296  2.96   4.325032e-62  62.460138  34.127147  3.412715\n",
      "297  2.97   2.974321e-62  62.357079  34.220837  3.422084\n",
      "298  2.98   2.046971e-62  62.254190  34.314373  3.431437\n",
      "299  2.99   1.409809e-62  62.151470  34.407754  3.440775\n",
      "300  3.00   9.717003e-63  62.048920  34.500981  3.450098\n",
      "301  3.01   6.702355e-63  61.946540  34.594055  3.459405\n",
      "302  3.02   4.626417e-63  61.844328  34.686975  3.468697\n",
      "303  3.03   3.195828e-63  61.742285  34.779741  3.477974\n",
      "304  3.04   2.209240e-63  61.640410  34.872355  3.487235\n",
      "305  3.05   1.528348e-63  61.538703  34.964815  3.496482\n",
      "306  3.06   1.058085e-63  61.437165  35.057123  3.505712\n",
      "307  3.07   7.330562e-64  61.335793  35.149279  3.514928\n",
      "308  3.08   5.082433e-64  61.234589  35.241283  3.524128\n",
      "309  3.09   3.526329e-64  61.133552  35.333134  3.533313\n",
      "310  3.10   2.448444e-64  61.032682  35.424835  3.542483\n",
      "311  3.11   1.701269e-64  60.931978  35.516384  3.551638\n",
      "312  3.12   1.182960e-64  60.831440  35.607782  3.560778\n",
      "313  3.13   8.231544e-65  60.731068  35.699029  3.569903\n",
      "314  3.14   5.731992e-65  60.630862  35.790126  3.579013\n",
      "315  3.15   3.994314e-65  60.530821  35.881072  3.588107\n",
      "316  3.16   2.785418e-65  60.430945  35.971868  3.597187\n",
      "317  3.17   1.943791e-65  60.331234  36.062515  3.606251\n",
      "318  3.18   1.357434e-65  60.231687  36.153011  3.615301\n",
      "319  3.19   9.486316e-66  60.132305  36.243359  3.624336\n",
      "320  3.20   6.634146e-66  60.033087  36.333557  3.633356\n",
      "321  3.21   4.642805e-66  59.934032  36.423607  3.642361\n",
      "322  3.22   3.251495e-66  59.835141  36.513508  3.651351\n",
      "323  3.23   2.278726e-66  59.736413  36.603261  3.660326\n",
      "324  3.24   1.598112e-66  59.637848  36.692865  3.669287\n",
      "325  3.25   1.121572e-66  59.539446  36.782322  3.678232\n",
      "326  3.26   7.876831e-67  59.441206  36.871631  3.687163\n",
      "327  3.27   5.535790e-67  59.343128  36.960793  3.696079\n",
      "328  3.28   3.893234e-67  59.245211  37.049808  3.704981\n",
      "329  3.29   2.739957e-67  59.147457  37.138676  3.713868\n",
      "330  3.30   1.929649e-67  59.049864  37.227397  3.722740\n",
      "331  3.31   1.359922e-67  58.952431  37.315972  3.731597\n",
      "332  3.32   9.590683e-68  58.855160  37.404400  3.740440\n",
      "333  3.33   6.768377e-68  58.758049  37.492683  3.749268\n",
      "334  3.34   4.779894e-68  58.661098  37.580820  3.758082\n",
      "335  3.35   3.377925e-68  58.564307  37.668812  3.766881\n",
      "336  3.36   2.388796e-68  58.467676  37.756658  3.775666\n",
      "337  3.37   1.690459e-68  58.371204  37.844360  3.784436\n",
      "338  3.38   1.197088e-68  58.274892  37.931916  3.793192\n",
      "339  3.39   8.482874e-69  58.178738  38.019329  3.801933\n",
      "340  3.40   6.015259e-69  58.082743  38.106597  3.810660\n",
      "341  3.41   4.268345e-69  57.986907  38.193721  3.819372\n",
      "342  3.42   3.030805e-69  57.891228  38.280701  3.828070\n",
      "343  3.43   2.153520e-69  57.795708  38.367538  3.836754\n",
      "344  3.44   1.531199e-69  57.700345  38.454232  3.845423\n",
      "345  3.45   1.089445e-69  57.605139  38.540782  3.854078\n",
      "346  3.46   7.756570e-70  57.510091  38.627190  3.862719\n",
      "347  3.47   5.526165e-70  57.415199  38.713455  3.871346\n",
      "348  3.48   3.939736e-70  57.320464  38.799578  3.879958\n",
      "349  3.49   2.810598e-70  57.225885  38.885559  3.888556\n",
      "350  3.50   2.006403e-70  57.131463  38.971398  3.897140\n",
      "351  3.51   1.433260e-70  57.037196  39.057095  3.905709\n",
      "352  3.52   1.024514e-70  56.943084  39.142650  3.914265\n",
      "353  3.53   7.328191e-71  56.849128  39.228065  3.922807\n",
      "354  3.54   5.245185e-71  56.755327  39.313339  3.931334\n",
      "355  3.55   3.756724e-71  56.661681  39.398472  3.939847\n",
      "356  3.56   2.692412e-71  56.568189  39.483464  3.948346\n",
      "357  3.57   1.930888e-71  56.474852  39.568317  3.956832\n",
      "358  3.58   1.385655e-71  56.381668  39.653029  3.965303\n",
      "359  3.59   9.950272e-72  56.288638  39.737601  3.973760\n",
      "360  3.60   7.149836e-72  56.195762  39.822034  3.982203\n",
      "361  3.61   5.140883e-72  56.103039  39.906328  3.990633\n",
      "362  3.62   3.698787e-72  56.010469  39.990483  3.999048\n",
      "363  3.63   2.662933e-72  55.918052  40.074498  4.007450\n",
      "364  3.64   1.918403e-72  55.825787  40.158375  4.015838\n",
      "365  3.65   1.382921e-72  55.733675  40.242114  4.024211\n",
      "366  3.66   9.975449e-73  55.641714  40.325715  4.032571\n",
      "367  3.67   7.200193e-73  55.549905  40.409177  4.040918\n",
      "368  3.68   5.200343e-73  55.458248  40.492502  4.049250\n",
      "369  3.69   3.758333e-73  55.366742  40.575689  4.057569\n",
      "370  3.70   2.717900e-73  55.275387  40.658739  4.065874\n",
      "371  3.71   1.966735e-73  55.184182  40.741653  4.074165\n",
      "372  3.72   1.424072e-73  55.093128  40.824429  4.082443\n",
      "373  3.73   1.031789e-73  55.002225  40.907068  4.090707\n",
      "374  3.74   7.480355e-74  54.911471  40.989572  4.098957\n",
      "375  3.75   5.426569e-74  54.820867  41.071939  4.107194\n",
      "376  3.76   3.939123e-74  54.730413  41.154170  4.115417\n",
      "377  3.77   2.861174e-74  54.640107  41.236266  4.123627\n",
      "378  3.78   2.079499e-74  54.549951  41.318226  4.131823\n",
      "379  3.79   1.512316e-74  54.459944  41.400051  4.140005\n",
      "380  3.80   1.100513e-74  54.370085  41.481741  4.148174\n",
      "381  3.81   8.013382e-75  54.280374  41.563296  4.156330\n",
      "382  3.82   5.838535e-75  54.190812  41.644717  4.164472\n",
      "383  3.83   4.256560e-75  54.101397  41.726003  4.172600\n",
      "384  3.84   3.105131e-75  54.012130  41.807155  4.180715\n",
      "385  3.85   2.266557e-75  53.923010  41.888173  4.188817\n",
      "386  3.86   1.655459e-75  53.834037  41.969058  4.196906\n",
      "387  3.87   1.209859e-75  53.745210  42.049809  4.204981\n",
      "388  3.88   8.847384e-76  53.656531  42.130427  4.213043\n",
      "389  3.89   6.473784e-76  53.567998  42.210911  4.221091\n",
      "390  3.90   4.739846e-76  53.479610  42.291263  4.229126\n",
      "391  3.91   3.472420e-76  53.391369  42.371483  4.237148\n",
      "392  3.92   2.545434e-76  53.303273  42.451570  4.245157\n",
      "393  3.93   1.867034e-76  53.215323  42.531525  4.253152\n",
      "394  3.94   1.370260e-76  53.127518  42.611348  4.261135\n",
      "395  3.95   1.006267e-76  53.039857  42.691039  4.269104\n",
      "396  3.96   7.394061e-77  52.952341  42.770599  4.277060\n",
      "397  3.97   5.436396e-77  52.864970  42.850027  4.285003\n",
      "398  3.98   3.999422e-77  52.777743  42.929325  4.292932\n",
      "399  3.99   2.944019e-77  52.690660  43.008491  4.300849\n",
      "400  4.00   2.168408e-77  52.603720  43.087527  4.308753\n",
      "401  4.01   1.598076e-77  52.516924  43.166433  4.316643\n",
      "402  4.02   1.178446e-77  52.430271  43.245208  4.324521\n",
      "403  4.03   8.695148e-78  52.343761  43.323854  4.332385\n",
      "404  4.04   6.419464e-78  52.257394  43.402369  4.340237\n",
      "405  4.05   4.742142e-78  52.171169  43.480755  4.348076\n",
      "406  4.06   3.505126e-78  52.085087  43.559012  4.355901\n",
      "407  4.07   2.592302e-78  51.999146  43.637140  4.363714\n",
      "408  4.08   1.918315e-78  51.913348  43.715139  4.371514\n",
      "409  4.09   1.420384e-78  51.827691  43.793009  4.379301\n",
      "410  4.10   1.052308e-78  51.742175  43.870750  4.387075\n",
      "411  4.11   7.800644e-79  51.656800  43.948363  4.394836\n",
      "412  4.12   5.785863e-79  51.571567  44.025849  4.402585\n",
      "413  4.13   4.293933e-79  51.486474  44.103206  4.410321\n",
      "414  4.14   3.188535e-79  51.401521  44.180436  4.418044\n",
      "415  4.15   2.369058e-79  51.316708  44.257538  4.425754\n",
      "416  4.16   1.761196e-79  51.232036  44.334513  4.433451\n",
      "417  4.17   1.310048e-79  51.147503  44.411361  4.441136\n",
      "418  4.18   9.750196e-80  51.063110  44.488082  4.448808\n",
      "419  4.19   7.260819e-80  50.978855  44.564677  4.456468\n",
      "420  4.20   5.410078e-80  50.894740  44.641145  4.464115\n",
      "421  4.21   4.033355e-80  50.810764  44.717487  4.471749\n",
      "422  4.22   3.008666e-80  50.726926  44.793703  4.479370\n",
      "423  4.23   2.245564e-80  50.643227  44.869794  4.486979\n",
      "424  4.24   1.676951e-80  50.559665  44.945759  4.494576\n",
      "425  4.25   1.253021e-80  50.476242  45.021598  4.502160\n",
      "426  4.26   9.367818e-81  50.392956  45.097313  4.509731\n",
      "427  4.27   7.007458e-81  50.309808  45.172902  4.517290\n",
      "428  4.28   5.244739e-81  50.226797  45.248367  4.524837\n",
      "429  4.29   3.927606e-81  50.143922  45.323707  4.532371\n",
      "430  4.30   2.942878e-81  50.061185  45.398923  4.539892\n",
      "431  4.31   2.206259e-81  49.978584  45.474015  4.547401\n",
      "432  4.32   1.654930e-81  49.896119  45.548982  4.554898\n",
      "433  4.33   1.242057e-81  49.813791  45.623827  4.562383\n",
      "434  4.34   9.326993e-82  49.731598  45.698547  4.569855\n",
      "435  4.35   7.007762e-82  49.649541  45.773145  4.577314\n",
      "436  4.36   5.268101e-82  49.567619  45.847619  4.584762\n",
      "437  4.37   3.962465e-82  49.485833  45.921970  4.592197\n",
      "438  4.38   2.982036e-82  49.404181  45.996199  4.599620\n",
      "439  4.39   2.245410e-82  49.322664  46.070305  4.607031\n",
      "440  4.40   1.691662e-82  49.241282  46.144289  4.614429\n",
      "441  4.41   1.275164e-82  49.160033  46.218151  4.621815\n",
      "442  4.42   9.617286e-83  49.078919  46.291891  4.629189\n",
      "443  4.43   7.257256e-83  48.997939  46.365510  4.636551\n",
      "444  4.44   5.479303e-83  48.917093  46.439007  4.643901\n",
      "445  4.45   4.139145e-83  48.836379  46.512382  4.651238\n",
      "446  4.46   3.128441e-83  48.755799  46.585637  4.658564\n",
      "447  4.47   2.365793e-83  48.675352  46.658771  4.665877\n",
      "448  4.48   1.790014e-83  48.595038  46.731784  4.673178\n",
      "449  4.49   1.355085e-83  48.514856  46.804676  4.680468\n",
      "450  4.50   1.026376e-83  48.434807  46.877448  4.687745\n",
      "451  4.51   7.778145e-84  48.354889  46.950101  4.695010\n",
      "452  4.52   5.897588e-84  48.275104  47.022633  4.702263\n",
      "453  4.53   4.474055e-84  48.195450  47.095046  4.709505\n",
      "454  4.54   3.395909e-84  48.115927  47.167339  4.716734\n",
      "455  4.55   2.578923e-84  48.036536  47.239513  4.723951\n",
      "456  4.56   1.959510e-84  47.957276  47.311568  4.731157\n",
      "457  4.57   1.489646e-84  47.878146  47.383503  4.738350\n",
      "458  4.58   1.133039e-84  47.799147  47.455321  4.745532\n",
      "459  4.59   8.622473e-85  47.720279  47.527019  4.752702\n",
      "460  4.60   6.565139e-85  47.641540  47.598600  4.759860\n",
      "461  4.61   5.001272e-85  47.562932  47.670062  4.767006\n",
      "462  4.62   3.811897e-85  47.484453  47.741407  4.774141\n",
      "463  4.63   2.906867e-85  47.406103  47.812633  4.781263\n",
      "464  4.64   2.217851e-85  47.327883  47.883742  4.788374\n",
      "465  4.65   1.693020e-85  47.249792  47.954734  4.795473\n",
      "466  4.66   1.293046e-85  47.171830  48.025609  4.802561\n",
      "467  4.67   9.880692e-86  47.093997  48.096367  4.809637\n",
      "468  4.68   7.554085e-86  47.016292  48.167008  4.816701\n",
      "469  4.69   5.778260e-86  46.938715  48.237532  4.823753\n",
      "470  4.70   4.422140e-86  46.861266  48.307940  4.830794\n",
      "471  4.71   3.386004e-86  46.783945  48.378232  4.837823\n",
      "472  4.72   2.593951e-86  46.706751  48.448408  4.844841\n",
      "473  4.73   1.988176e-86  46.629685  48.518468  4.851847\n",
      "474  4.74   1.524636e-86  46.552746  48.588413  4.858841\n",
      "475  4.75   1.169756e-86  46.475934  48.658242  4.865824\n",
      "476  4.76   8.979284e-87  46.399249  48.727956  4.872796\n",
      "477  4.77   6.896124e-87  46.322690  48.797554  4.879755\n",
      "478  4.78   5.298889e-87  46.246258  48.867039  4.886704\n",
      "479  4.79   4.073620e-87  46.169951  48.936408  4.893641\n",
      "480  4.80   3.133226e-87  46.093771  49.005663  4.900566\n",
      "481  4.81   2.411115e-87  46.017716  49.074804  4.907480\n",
      "482  4.82   1.856345e-87  45.941787  49.143830  4.914383\n",
      "483  4.83   1.429926e-87  45.865983  49.212743  4.921274\n",
      "484  4.84   1.102001e-87  45.790304  49.281542  4.928154\n",
      "485  4.85   8.496963e-88  45.714750  49.350227  4.935023\n",
      "486  4.86   6.554780e-88  45.639321  49.418799  4.941880\n",
      "487  4.87   5.059002e-88  45.564016  49.487258  4.948726\n",
      "488  4.88   3.906459e-88  45.488835  49.555604  4.955560\n",
      "489  4.89   3.017958e-88  45.413779  49.623838  4.962384\n",
      "490  4.90   2.332674e-88  45.338846  49.691958  4.969196\n",
      "491  4.91   1.803870e-88  45.264037  49.759967  4.975997\n",
      "492  4.92   1.395618e-88  45.189351  49.827863  4.982786\n",
      "493  4.93   1.080282e-88  45.114789  49.895647  4.989565\n",
      "494  4.94   8.365989e-89  45.040349  49.963319  4.996332\n",
      "495  4.95   6.481954e-89  44.966033  50.030879  5.003088\n",
      "496  4.96   5.024615e-89  44.891839  50.098328  5.009833\n",
      "497  4.97   3.896794e-89  44.817767  50.165666  5.016567\n",
      "498  4.98   3.023566e-89  44.743818  50.232893  5.023289\n",
      "499  4.99   2.347136e-89  44.669991  50.300008  5.030001\n",
      "500  5.00   1.822904e-89  44.596285  50.367013  5.036701\n",
      "501  5.01   1.416430e-89  44.522701  50.433908  5.043391\n",
      "502  5.02   1.101114e-89  44.449239  50.500692  5.050069\n",
      "503  5.03   8.563952e-90  44.375898  50.567366  5.056737\n",
      "504  5.04   6.663787e-90  44.302677  50.633930  5.063393\n",
      "505  5.05   5.187669e-90  44.229578  50.700384  5.070038\n",
      "506  5.06   4.040427e-90  44.156599  50.766728  5.076673\n",
      "507  5.07   3.148369e-90  44.083741  50.832963  5.083296\n",
      "508  5.08   2.454410e-90  44.011003  50.899089  5.089909\n",
      "509  5.09   1.914305e-90  43.938384  50.965105  5.096511\n",
      "510  5.10   1.493747e-90  43.865886  51.031013  5.103101\n",
      "511  5.11   1.166125e-90  43.793507  51.096811  5.109681\n",
      "512  5.12   9.107812e-91  43.721248  51.162502  5.116250\n",
      "513  5.13   7.116787e-91  43.649108  51.228084  5.122808\n",
      "514  5.14   5.563580e-91  43.577087  51.293557  5.129356\n",
      "515  5.15   4.351357e-91  43.505185  51.358923  5.135892\n",
      "516  5.16   3.404824e-91  43.433401  51.424181  5.142418\n",
      "517  5.17   2.665409e-91  43.361736  51.489331  5.148933\n",
      "518  5.18   2.087525e-91  43.290189  51.554373  5.155437\n",
      "519  5.19   1.635678e-91  43.218760  51.619309  5.161931\n",
      "520  5.20   1.282218e-91  43.147450  51.684137  5.168414\n",
      "521  5.21   1.005596e-91  43.076256  51.748858  5.174886\n",
      "522  5.22   7.890095e-92  43.005180  51.813472  5.181347\n",
      "523  5.23   6.193520e-92  42.934222  51.877980  5.187798\n",
      "524  5.24   4.863950e-92  42.863380  51.942381  5.194238\n",
      "525  5.25   3.821524e-92  42.792656  52.006677  5.200668\n",
      "526  5.26   3.003858e-92  42.722048  52.070866  5.207087\n",
      "527  5.27   2.362203e-92  42.651557  52.134949  5.213495\n",
      "528  5.28   1.858445e-92  42.581181  52.198926  5.219893\n",
      "529  5.29   1.462771e-92  42.510923  52.262798  5.226280\n",
      "530  5.30   1.151852e-92  42.440780  52.326564  5.232656\n",
      "531  5.31   9.074247e-93  42.370752  52.390225  5.239023\n",
      "532  5.32   7.151834e-93  42.300840  52.453781  5.245378\n",
      "533  5.33   5.639191e-93  42.231044  52.517233  5.251723\n",
      "534  5.34   4.448446e-93  42.161363  52.580579  5.258058\n",
      "535  5.35   3.510683e-93  42.091797  52.643821  5.264382\n",
      "536  5.36   2.771829e-93  42.022345  52.706959  5.270696\n",
      "537  5.37   2.189435e-93  41.953008  52.769992  5.276999\n",
      "538  5.38   1.730168e-93  41.883786  52.832922  5.283292\n",
      "539  5.39   1.367838e-93  41.814678  52.895748  5.289575\n",
      "540  5.40   1.081860e-93  41.745683  52.958470  5.295847\n",
      "541  5.41   8.560447e-94  41.676803  53.021088  5.302109\n",
      "542  5.42   6.776587e-94  41.608036  53.083603  5.308360\n",
      "543  5.43   5.366784e-94  41.539383  53.146015  5.314602\n",
      "544  5.44   4.252120e-94  41.470843  53.208325  5.320832\n",
      "545  5.45   3.370425e-94  41.402416  53.270531  5.327053\n",
      "546  5.46   2.672706e-94  41.334102  53.332634  5.333263\n",
      "547  5.47   2.120337e-94  41.265901  53.394636  5.339464\n",
      "548  5.48   1.682849e-94  41.197812  53.456534  5.345653\n",
      "549  5.49   1.336200e-94  41.129836  53.518331  5.351833\n",
      "550  5.50   1.061412e-94  41.061972  53.580026  5.358003\n",
      "551  5.51   8.434934e-95  40.994219  53.641619  5.364162\n",
      "552  5.52   6.706017e-95  40.926579  53.703110  5.370311\n",
      "553  5.53   5.333745e-95  40.859050  53.764500  5.376450\n",
      "554  5.54   4.244086e-95  40.791633  53.825789  5.382579\n",
      "555  5.55   3.378470e-95  40.724326  53.886976  5.388698\n",
      "556  5.56   2.690541e-95  40.657131  53.948063  5.394806\n",
      "557  5.57   2.143592e-95  40.590047  54.009048  5.400905\n",
      "558  5.58   1.708550e-95  40.523073  54.069933  5.406993\n",
      "559  5.59   1.362371e-95  40.456210  54.130718  5.413072\n",
      "560  5.60   1.086789e-95  40.389458  54.191402  5.419140\n",
      "561  5.61   8.673152e-96  40.322815  54.251986  5.425199\n",
      "562  5.62   6.924523e-96  40.256282  54.312471  5.431247\n",
      "563  5.63   5.530745e-96  40.189859  54.372855  5.437286\n",
      "564  5.64   4.419346e-96  40.123546  54.433140  5.443314\n",
      "565  5.65   3.532747e-96  40.057342  54.493325  5.449333\n",
      "566  5.66   2.825184e-96  39.991248  54.553411  5.455341\n",
      "567  5.67   2.260271e-96  39.925262  54.613398  5.461340\n",
      "568  5.68   1.809062e-96  39.859385  54.673286  5.467329\n",
      "569  5.69   1.448521e-96  39.793617  54.733075  5.473308\n",
      "570  5.70   1.160312e-96  39.727958  54.792765  5.479277\n",
