{
 "cells": [
  {
   "cell_type": "code",
   "execution_count": 96,
   "metadata": {},
   "outputs": [],
   "source": [
    "#f'(x[i]) = (f(x[i+1]) - f(x[i]))/ step\n",
    "\n",
    "import pandas as pd\n",
    "\n",
    "\n",
    "#discretisation\n",
    "\n",
    "def euler(beta, gama, mu):\n",
    "\n",
    "    S = [0.99]\n",
    "    I = [0.01]\n",
    "    R = [0]\n",
    "    D = [0]\n",
    "    time = [0]\n",
    "    step = 0.01\n",
    "\n",
    "    for _ in range(1, 10000):\n",
    "        time_update = time[-1] + step\n",
    "\n",
    "        S_update = (-beta * S[-1] * I[-1])* step + S[-1]\n",
    "        I_update = (beta * S[-1] * I[-1] - (gama * I[-1]) - mu * I[-1])* step + I[-1]\n",
    "        R_update = (gama * I[-1])* step + R[-1]\n",
    "        D_update = (mu * I[-1])* step + D[-1]\n",
    "\n",
    "        S.append(S_update)\n",
    "        I.append(I_update)\n",
    "        R.append(R_update)\n",
    "        D.append(D_update)\n",
    "        time.append(time_update)\n",
    "    dataframe = pd.DataFrame({'Time': time, 'Susceptibles': S, 'Infectés': I, 'Rétablis': R, 'Décès': D})\n",
    "    return dataframe"
   ]
  },
  {
   "cell_type": "code",
   "execution_count": null,
   "metadata": {},
   "outputs": [
    {
     "name": "stdout",
     "output_type": "stream",
     "text": [
      "       Time  Susceptibles  Infectés  Rétablis     Décès\n",
      "0      0.00      0.990000  0.010000  0.000000  0.000000\n",
      "1      0.01      0.989950  0.010033  0.000015  0.000001\n",
      "2      0.02      0.989901  0.010066  0.000030  0.000003\n",
      "3      0.03      0.989851  0.010099  0.000045  0.000005\n",
      "4      0.04      0.989801  0.010133  0.000060  0.000006\n",
      "5      0.05      0.989751  0.010166  0.000075  0.000008\n",
      "6      0.06      0.989701  0.010200  0.000091  0.000009\n",
      "7      0.07      0.989650  0.010233  0.000106  0.000011\n",
      "8      0.08      0.989599  0.010267  0.000121  0.000012\n",
      "9      0.09      0.989549  0.010301  0.000137  0.000014\n",
      "10     0.10      0.989498  0.010335  0.000152  0.000015\n",
      "11     0.11      0.989447  0.010369  0.000168  0.000017\n",
      "12     0.12      0.989395  0.010403  0.000183  0.000018\n",
      "13     0.13      0.989344  0.010437  0.000199  0.000020\n",
      "14     0.14      0.989292  0.010472  0.000215  0.000021\n",
      "15     0.15      0.989240  0.010506  0.000230  0.000023\n",
      "16     0.16      0.989188  0.010541  0.000246  0.000025\n",
      "17     0.17      0.989136  0.010576  0.000262  0.000026\n",
      "18     0.18      0.989084  0.010611  0.000278  0.000028\n",
      "19     0.19      0.989031  0.010646  0.000294  0.000029\n",
      "20     0.20      0.988979  0.010681  0.000310  0.000031\n",
      "21     0.21      0.988926  0.010716  0.000326  0.000033\n",
      "22     0.22      0.988873  0.010751  0.000342  0.000034\n",
      "23     0.23      0.988820  0.010787  0.000358  0.000036\n",
      "24     0.24      0.988767  0.010822  0.000374  0.000037\n",
      "25     0.25      0.988713  0.010858  0.000390  0.000039\n",
      "26     0.26      0.988659  0.010893  0.000407  0.000041\n",
      "27     0.27      0.988606  0.010929  0.000423  0.000042\n",
      "28     0.28      0.988552  0.010965  0.000439  0.000044\n",
      "29     0.29      0.988497  0.011001  0.000456  0.000046\n",
      "30     0.30      0.988443  0.011038  0.000472  0.000047\n",
      "31     0.31      0.988388  0.011074  0.000489  0.000049\n",
      "32     0.32      0.988334  0.011110  0.000505  0.000051\n",
      "33     0.33      0.988279  0.011147  0.000522  0.000052\n",
      "34     0.34      0.988224  0.011184  0.000539  0.000054\n",
      "35     0.35      0.988168  0.011221  0.000556  0.000056\n",
      "36     0.36      0.988113  0.011257  0.000572  0.000057\n",
      "37     0.37      0.988057  0.011294  0.000589  0.000059\n",
      "38     0.38      0.988002  0.011332  0.000606  0.000061\n",
      "39     0.39      0.987946  0.011369  0.000623  0.000062\n",
      "40     0.40      0.987889  0.011406  0.000640  0.000064\n",
      "41     0.41      0.987833  0.011444  0.000657  0.000066\n",
      "42     0.42      0.987777  0.011481  0.000675  0.000067\n",
      "43     0.43      0.987720  0.011519  0.000692  0.000069\n",
      "44     0.44      0.987663  0.011557  0.000709  0.000071\n",
      "45     0.45      0.987606  0.011595  0.000726  0.000073\n",
      "46     0.46      0.987549  0.011633  0.000744  0.000074\n",
      "47     0.47      0.987491  0.011671  0.000761  0.000076\n",
      "48     0.48      0.987434  0.011710  0.000779  0.000078\n",
      "49     0.49      0.987376  0.011748  0.000796  0.000080\n",
      "50     0.50      0.987318  0.011787  0.000814  0.000081\n",
      "51     0.51      0.987260  0.011826  0.000832  0.000083\n",
      "52     0.52      0.987201  0.011865  0.000849  0.000085\n",
      "53     0.53      0.987143  0.011904  0.000867  0.000087\n",
      "54     0.54      0.987084  0.011943  0.000885  0.000088\n",
      "55     0.55      0.987025  0.011982  0.000903  0.000090\n",
      "56     0.56      0.986966  0.012021  0.000921  0.000092\n",
      "57     0.57      0.986906  0.012061  0.000939  0.000094\n",
      "58     0.58      0.986847  0.012100  0.000957  0.000096\n",
      "59     0.59      0.986787  0.012140  0.000975  0.000098\n",
      "60     0.60      0.986727  0.012180  0.000993  0.000099\n",
      "61     0.61      0.986667  0.012220  0.001012  0.000101\n",
      "62     0.62      0.986607  0.012260  0.001030  0.000103\n",
      "63     0.63      0.986547  0.012300  0.001048  0.000105\n",
      "64     0.64      0.986486  0.012341  0.001067  0.000107\n",
      "65     0.65      0.986425  0.012381  0.001085  0.000109\n",
      "66     0.66      0.986364  0.012422  0.001104  0.000110\n",
      "67     0.67      0.986303  0.012463  0.001122  0.000112\n",
      "68     0.68      0.986241  0.012504  0.001141  0.000114\n",
      "69     0.69      0.986180  0.012545  0.001160  0.000116\n",
      "70     0.70      0.986118  0.012586  0.001179  0.000118\n",
      "71     0.71      0.986056  0.012627  0.001198  0.000120\n",
      "72     0.72      0.985993  0.012668  0.001217  0.000122\n",
      "73     0.73      0.985931  0.012710  0.001236  0.000124\n",
      "74     0.74      0.985868  0.012752  0.001255  0.000125\n",
      "75     0.75      0.985805  0.012793  0.001274  0.000127\n",
      "76     0.76      0.985742  0.012835  0.001293  0.000129\n",
      "77     0.77      0.985679  0.012878  0.001312  0.000131\n",
      "78     0.78      0.985616  0.012920  0.001332  0.000133\n",
      "79     0.79      0.985552  0.012962  0.001351  0.000135\n",
      "80     0.80      0.985488  0.013005  0.001370  0.000137\n",
      "81     0.81      0.985424  0.013047  0.001390  0.000139\n",
      "82     0.82      0.985360  0.013090  0.001409  0.000141\n",
      "83     0.83      0.985295  0.013133  0.001429  0.000143\n",
      "84     0.84      0.985230  0.013176  0.001449  0.000145\n",
      "85     0.85      0.985166  0.013219  0.001469  0.000147\n",
      "86     0.86      0.985100  0.013262  0.001488  0.000149\n",
      "87     0.87      0.985035  0.013306  0.001508  0.000151\n",
      "88     0.88      0.984970  0.013349  0.001528  0.000153\n",
      "89     0.89      0.984904  0.013393  0.001548  0.000155\n",
      "90     0.90      0.984838  0.013437  0.001568  0.000157\n",
      "91     0.91      0.984772  0.013481  0.001588  0.000159\n",
      "92     0.92      0.984705  0.013525  0.001609  0.000161\n",
      "93     0.93      0.984639  0.013569  0.001629  0.000163\n",
      "94     0.94      0.984572  0.013614  0.001649  0.000165\n",
      "95     0.95      0.984505  0.013658  0.001670  0.000167\n",
      "96     0.96      0.984438  0.013703  0.001690  0.000169\n",
      "97     0.97      0.984370  0.013748  0.001711  0.000171\n",
      "98     0.98      0.984303  0.013793  0.001731  0.000173\n",
      "99     0.99      0.984235  0.013838  0.001752  0.000175\n",
      "100    1.00      0.984167  0.013883  0.001773  0.000177\n",
      "101    1.01      0.984098  0.013929  0.001794  0.000179\n",
      "102    1.02      0.984030  0.013974  0.001815  0.000181\n",
      "103    1.03      0.983961  0.014020  0.001836  0.000184\n",
      "104    1.04      0.983892  0.014066  0.001857  0.000186\n",
      "105    1.05      0.983823  0.014112  0.001878  0.000188\n",
      "106    1.06      0.983753  0.014158  0.001899  0.000190\n",
      "107    1.07      0.983684  0.014204  0.001920  0.000192\n",
      "108    1.08      0.983614  0.014251  0.001941  0.000194\n",
      "109    1.09      0.983544  0.014297  0.001963  0.000196\n",
      "110    1.10      0.983474  0.014344  0.001984  0.000198\n",
      "111    1.11      0.983403  0.014391  0.002006  0.000201\n",
      "112    1.12      0.983332  0.014438  0.002027  0.000203\n",
      "113    1.13      0.983261  0.014485  0.002049  0.000205\n",
      "114    1.14      0.983190  0.014532  0.002071  0.000207\n",
      "115    1.15      0.983119  0.014580  0.002092  0.000209\n",
      "116    1.16      0.983047  0.014627  0.002114  0.000211\n",
      "117    1.17      0.982975  0.014675  0.002136  0.000214\n",
      "118    1.18      0.982903  0.014723  0.002158  0.000216\n",
      "119    1.19      0.982831  0.014771  0.002180  0.000218\n",
      "120    1.20      0.982758  0.014819  0.002203  0.000220\n",
      "121    1.21      0.982685  0.014868  0.002225  0.000222\n",
      "122    1.22      0.982612  0.014916  0.002247  0.000225\n",
      "123    1.23      0.982539  0.014965  0.002269  0.000227\n",
      "124    1.24      0.982465  0.015014  0.002292  0.000229\n",
      "125    1.25      0.982392  0.015063  0.002314  0.000231\n",
      "126    1.26      0.982318  0.015112  0.002337  0.000234\n",
      "127    1.27      0.982243  0.015161  0.002360  0.000236\n",
      "128    1.28      0.982169  0.015210  0.002382  0.000238\n",
      "129    1.29      0.982094  0.015260  0.002405  0.000241\n",
      "130    1.30      0.982019  0.015310  0.002428  0.000243\n",
      "131    1.31      0.981944  0.015360  0.002451  0.000245\n",
      "132    1.32      0.981869  0.015410  0.002474  0.000247\n",
      "133    1.33      0.981793  0.015460  0.002497  0.000250\n",
      "134    1.34      0.981717  0.015510  0.002520  0.000252\n",
      "135    1.35      0.981641  0.015561  0.002544  0.000254\n",
      "136    1.36      0.981565  0.015612  0.002567  0.000257\n",
      "137    1.37      0.981488  0.015662  0.002590  0.000259\n",
      "138    1.38      0.981411  0.015714  0.002614  0.000261\n",
      "139    1.39      0.981334  0.015765  0.002638  0.000264\n",
      "140    1.40      0.981257  0.015816  0.002661  0.000266\n",
      "141    1.41      0.981179  0.015868  0.002685  0.000268\n",
      "142    1.42      0.981101  0.015919  0.002709  0.000271\n",
      "143    1.43      0.981023  0.015971  0.002733  0.000273\n",
      "144    1.44      0.980945  0.016023  0.002757  0.000276\n",
      "145    1.45      0.980866  0.016075  0.002781  0.000278\n",
      "146    1.46      0.980787  0.016127  0.002805  0.000280\n",
      "147    1.47      0.980708  0.016180  0.002829  0.000283\n",
      "148    1.48      0.980629  0.016233  0.002853  0.000285\n",
      "149    1.49      0.980549  0.016285  0.002877  0.000288\n",
      "150    1.50      0.980470  0.016338  0.002902  0.000290\n",
      "151    1.51      0.980389  0.016392  0.002926  0.000293\n",
      "152    1.52      0.980309  0.016445  0.002951  0.000295\n",
      "153    1.53      0.980228  0.016498  0.002976  0.000298\n",
      "154    1.54      0.980148  0.016552  0.003000  0.000300\n",
      "155    1.55      0.980066  0.016606  0.003025  0.000303\n",
      "156    1.56      0.979985  0.016660  0.003050  0.000305\n",
      "157    1.57      0.979903  0.016714  0.003075  0.000308\n",
      "158    1.58      0.979822  0.016768  0.003100  0.000310\n",
      "159    1.59      0.979739  0.016823  0.003125  0.000313\n",
      "160    1.60      0.979657  0.016877  0.003151  0.000315\n",
      "161    1.61      0.979574  0.016932  0.003176  0.000318\n",
      "162    1.62      0.979491  0.016987  0.003201  0.000320\n",
      "163    1.63      0.979408  0.017042  0.003227  0.000323\n",
      "164    1.64      0.979325  0.017098  0.003252  0.000325\n",
      "165    1.65      0.979241  0.017153  0.003278  0.000328\n",
      "166    1.66      0.979157  0.017209  0.003304  0.000330\n",
      "167    1.67      0.979073  0.017265  0.003330  0.000333\n",
      "168    1.68      0.978988  0.017321  0.003355  0.000336\n",
      "169    1.69      0.978904  0.017377  0.003381  0.000338\n",
      "170    1.70      0.978818  0.017433  0.003408  0.000341\n",
      "171    1.71      0.978733  0.017490  0.003434  0.000343\n",
      "172    1.72      0.978648  0.017547  0.003460  0.000346\n",
      "173    1.73      0.978562  0.017603  0.003486  0.000349\n",
      "174    1.74      0.978476  0.017661  0.003513  0.000351\n",
      "175    1.75      0.978389  0.017718  0.003539  0.000354\n",
      "176    1.76      0.978303  0.017775  0.003566  0.000357\n",
      "177    1.77      0.978216  0.017833  0.003592  0.000359\n",
      "178    1.78      0.978128  0.017891  0.003619  0.000362\n",
      "179    1.79      0.978041  0.017949  0.003646  0.000365\n",
      "180    1.80      0.977953  0.018007  0.003673  0.000367\n",
      "181    1.81      0.977865  0.018065  0.003700  0.000370\n",
      "182    1.82      0.977777  0.018124  0.003727  0.000373\n",
      "183    1.83      0.977688  0.018182  0.003754  0.000375\n",
      "184    1.84      0.977599  0.018241  0.003781  0.000378\n",
      "185    1.85      0.977510  0.018300  0.003809  0.000381\n",
      "186    1.86      0.977421  0.018360  0.003836  0.000384\n",
      "187    1.87      0.977331  0.018419  0.003864  0.000386\n",
      "188    1.88      0.977241  0.018479  0.003891  0.000389\n",
      "189    1.89      0.977151  0.018538  0.003919  0.000392\n",
      "190    1.90      0.977060  0.018598  0.003947  0.000395\n",
      "191    1.91      0.976969  0.018659  0.003975  0.000397\n",
      "192    1.92      0.976878  0.018719  0.004003  0.000400\n",
      "193    1.93      0.976787  0.018779  0.004031  0.000403\n",
      "194    1.94      0.976695  0.018840  0.004059  0.000406\n",
      "195    1.95      0.976603  0.018901  0.004087  0.000409\n",
      "196    1.96      0.976511  0.018962  0.004116  0.000412\n",
      "197    1.97      0.976418  0.019024  0.004144  0.000414\n",
      "198    1.98      0.976325  0.019085  0.004173  0.000417\n",
      "199    1.99      0.976232  0.019147  0.004201  0.000420\n",
      "200    2.00      0.976138  0.019209  0.004230  0.000423\n",
      "201    2.01      0.976045  0.019271  0.004259  0.000426\n",
      "202    2.02      0.975951  0.019333  0.004288  0.000429\n",
      "203    2.03      0.975856  0.019395  0.004317  0.000432\n",
      "204    2.04      0.975762  0.019458  0.004346  0.000435\n",
      "205    2.05      0.975667  0.019521  0.004375  0.000437\n",
      "206    2.06      0.975572  0.019584  0.004404  0.000440\n",
      "207    2.07      0.975476  0.019647  0.004434  0.000443\n",
      "208    2.08      0.975380  0.019710  0.004463  0.000446\n",
      "209    2.09      0.975284  0.019774  0.004493  0.000449\n",
      "210    2.10      0.975188  0.019838  0.004522  0.000452\n",
      "211    2.11      0.975091  0.019902  0.004552  0.000455\n",
      "212    2.12      0.974994  0.019966  0.004582  0.000458\n",
      "213    2.13      0.974897  0.020030  0.004612  0.000461\n",
      "214    2.14      0.974799  0.020095  0.004642  0.000464\n",
      "215    2.15      0.974701  0.020160  0.004672  0.000467\n",
      "216    2.16      0.974603  0.020225  0.004702  0.000470\n",
      "217    2.17      0.974504  0.020290  0.004733  0.000473\n",
      "218    2.18      0.974405  0.020355  0.004763  0.000476\n",
      "219    2.19      0.974306  0.020421  0.004794  0.000479\n",
      "220    2.20      0.974207  0.020487  0.004824  0.000482\n",
      "221    2.21      0.974107  0.020553  0.004855  0.000485\n",
      "222    2.22      0.974007  0.020619  0.004886  0.000489\n",
      "223    2.23      0.973906  0.020685  0.004917  0.000492\n",
      "224    2.24      0.973806  0.020752  0.004948  0.000495\n",
      "225    2.25      0.973705  0.020819  0.004979  0.000498\n",
      "226    2.26      0.973603  0.020886  0.005010  0.000501\n",
      "227    2.27      0.973502  0.020953  0.005041  0.000504\n",
      "228    2.28      0.973400  0.021020  0.005073  0.000507\n",
      "229    2.29      0.973297  0.021088  0.005104  0.000510\n",
      "230    2.30      0.973195  0.021156  0.005136  0.000514\n",
      "231    2.31      0.973092  0.021224  0.005168  0.000517\n",
      "232    2.32      0.972988  0.021292  0.005200  0.000520\n",
      "233    2.33      0.972885  0.021360  0.005232  0.000523\n",
      "234    2.34      0.972781  0.021429  0.005264  0.000526\n",
      "235    2.35      0.972677  0.021498  0.005296  0.000530\n",
      "236    2.36      0.972572  0.021567  0.005328  0.000533\n",
      "237    2.37      0.972467  0.021636  0.005360  0.000536\n",
      "238    2.38      0.972362  0.021706  0.005393  0.000539\n",
      "239    2.39      0.972257  0.021776  0.005425  0.000543\n",
      "240    2.40      0.972151  0.021846  0.005458  0.000546\n",
      "241    2.41      0.972044  0.021916  0.005491  0.000549\n",
      "242    2.42      0.971938  0.021986  0.005524  0.000552\n",
      "243    2.43      0.971831  0.022057  0.005557  0.000556\n",
      "244    2.44      0.971724  0.022127  0.005590  0.000559\n",
      "245    2.45      0.971616  0.022198  0.005623  0.000562\n",
      "246    2.46      0.971509  0.022270  0.005656  0.000566\n",
      "247    2.47      0.971400  0.022341  0.005690  0.000569\n",
      "248    2.48      0.971292  0.022413  0.005723  0.000572\n",
      "249    2.49      0.971183  0.022485  0.005757  0.000576\n",
      "250    2.50      0.971074  0.022557  0.005790  0.000579\n",
      "251    2.51      0.970964  0.022629  0.005824  0.000582\n",
      "252    2.52      0.970855  0.022701  0.005858  0.000586\n",
      "253    2.53      0.970744  0.022774  0.005892  0.000589\n",
      "254    2.54      0.970634  0.022847  0.005926  0.000593\n",
      "255    2.55      0.970523  0.022920  0.005961  0.000596\n",
      "256    2.56      0.970412  0.022994  0.005995  0.000600\n",
      "257    2.57      0.970300  0.023067  0.006030  0.000603\n",
      "258    2.58      0.970188  0.023141  0.006064  0.000606\n",
      "259    2.59      0.970076  0.023215  0.006099  0.000610\n",
      "260    2.60      0.969963  0.023290  0.006134  0.000613\n",
      "261    2.61      0.969850  0.023364  0.006169  0.000617\n",
      "262    2.62      0.969737  0.023439  0.006204  0.000620\n",
      "263    2.63      0.969623  0.023514  0.006239  0.000624\n",
      "264    2.64      0.969509  0.023589  0.006274  0.000627\n",
      "265    2.65      0.969395  0.023664  0.006310  0.000631\n",
      "266    2.66      0.969280  0.023740  0.006345  0.000635\n",
      "267    2.67      0.969165  0.023816  0.006381  0.000638\n",
      "268    2.68      0.969050  0.023892  0.006416  0.000642\n",
      "269    2.69      0.968934  0.023968  0.006452  0.000645\n",
      "270    2.70      0.968818  0.024045  0.006488  0.000649\n",
      "271    2.71      0.968702  0.024122  0.006524  0.000652\n",
      "272    2.72      0.968585  0.024199  0.006560  0.000656\n",
      "273    2.73      0.968468  0.024276  0.006597  0.000660\n",
      "274    2.74      0.968350  0.024354  0.006633  0.000663\n",
      "275    2.75      0.968232  0.024431  0.006670  0.000667\n",
      "276    2.76      0.968114  0.024509  0.006706  0.000671\n",
      "277    2.77      0.967995  0.024587  0.006743  0.000674\n",
      "278    2.78      0.967876  0.024666  0.006780  0.000678\n",
      "279    2.79      0.967757  0.024745  0.006817  0.000682\n",
      "280    2.80      0.967637  0.024823  0.006854  0.000685\n",
      "281    2.81      0.967517  0.024903  0.006891  0.000689\n",
      "282    2.82      0.967396  0.024982  0.006929  0.000693\n",
      "283    2.83      0.967276  0.025062  0.006966  0.000697\n",
      "284    2.84      0.967154  0.025141  0.007004  0.000700\n",
      "285    2.85      0.967033  0.025222  0.007041  0.000704\n",
      "286    2.86      0.966911  0.025302  0.007079  0.000708\n",
      "287    2.87      0.966789  0.025382  0.007117  0.000712\n",
      "288    2.88      0.966666  0.025463  0.007155  0.000716\n",
      "289    2.89      0.966543  0.025544  0.007193  0.000719\n",
      "290    2.90      0.966419  0.025626  0.007232  0.000723\n",
      "291    2.91      0.966296  0.025707  0.007270  0.000727\n",
      "292    2.92      0.966171  0.025789  0.007309  0.000731\n",
      "293    2.93      0.966047  0.025871  0.007347  0.000735\n",
      "294    2.94      0.965922  0.025953  0.007386  0.000739\n",
      "295    2.95      0.965796  0.026036  0.007425  0.000743\n",
      "296    2.96      0.965671  0.026119  0.007464  0.000746\n",
      "297    2.97      0.965545  0.026202  0.007503  0.000750\n",
      "298    2.98      0.965418  0.026285  0.007543  0.000754\n",
      "299    2.99      0.965291  0.026368  0.007582  0.000758\n",
      "300    3.00      0.965164  0.026452  0.007622  0.000762\n",
      "301    3.01      0.965036  0.026536  0.007661  0.000766\n",
      "302    3.02      0.964908  0.026620  0.007701  0.000770\n",
      "303    3.03      0.964780  0.026705  0.007741  0.000774\n",
      "304    3.04      0.964651  0.026790  0.007781  0.000778\n",
      "305    3.05      0.964522  0.026875  0.007821  0.000782\n",
      "306    3.06      0.964392  0.026960  0.007862  0.000786\n",
      "307    3.07      0.964262  0.027045  0.007902  0.000790\n",
      "308    3.08      0.964132  0.027131  0.007943  0.000794\n",
      "309    3.09      0.964001  0.027217  0.007983  0.000798\n",
      "310    3.10      0.963870  0.027304  0.008024  0.000802\n",
      "311    3.11      0.963738  0.027390  0.008065  0.000807\n",
      "312    3.12      0.963606  0.027477  0.008106  0.000811\n",
      "313    3.13      0.963474  0.027564  0.008147  0.000815\n",
      "314    3.14      0.963341  0.027651  0.008189  0.000819\n",
      "315    3.15      0.963208  0.027739  0.008230  0.000823\n",
      "316    3.16      0.963074  0.027827  0.008272  0.000827\n",
      "317    3.17      0.962940  0.027915  0.008314  0.000831\n",
      "318    3.18      0.962806  0.028003  0.008356  0.000836\n",
      "319    3.19      0.962671  0.028092  0.008398  0.000840\n",
      "320    3.20      0.962536  0.028180  0.008440  0.000844\n",
      "321    3.21      0.962400  0.028270  0.008482  0.000848\n",
      "322    3.22      0.962264  0.028359  0.008524  0.000852\n",
      "323    3.23      0.962128  0.028449  0.008567  0.000857\n",
      "324    3.24      0.961991  0.028539  0.008610  0.000861\n",
      "325    3.25      0.961854  0.028629  0.008652  0.000865\n",
      "326    3.26      0.961716  0.028719  0.008695  0.000870\n",
      "327    3.27      0.961578  0.028810  0.008738  0.000874\n",
      "328    3.28      0.961439  0.028901  0.008782  0.000878\n",
      "329    3.29      0.961300  0.028992  0.008825  0.000882\n",
      "330    3.30      0.961161  0.029084  0.008868  0.000887\n",
      "331    3.31      0.961021  0.029175  0.008912  0.000891\n",
      "332    3.32      0.960881  0.029267  0.008956  0.000896\n",
      "333    3.33      0.960741  0.029360  0.009000  0.000900\n",
      "334    3.34      0.960599  0.029452  0.009044  0.000904\n",
      "335    3.35      0.960458  0.029545  0.009088  0.000909\n",
      "336    3.36      0.960316  0.029638  0.009132  0.000913\n",
      "337    3.37      0.960174  0.029732  0.009177  0.000918\n",
      "338    3.38      0.960031  0.029825  0.009221  0.000922\n",
      "339    3.39      0.959888  0.029919  0.009266  0.000927\n",
      "340    3.40      0.959744  0.030014  0.009311  0.000931\n",
      "341    3.41      0.959600  0.030108  0.009356  0.000936\n",
      "342    3.42      0.959456  0.030203  0.009401  0.000940\n",
      "343    3.43      0.959311  0.030298  0.009446  0.000945\n",
      "344    3.44      0.959166  0.030393  0.009492  0.000949\n",
      "345    3.45      0.959020  0.030489  0.009537  0.000954\n",
      "346    3.46      0.958874  0.030585  0.009583  0.000958\n",
      "347    3.47      0.958727  0.030681  0.009629  0.000963\n",
      "348    3.48      0.958580  0.030777  0.009675  0.000968\n",
      "349    3.49      0.958432  0.030874  0.009721  0.000972\n",
      "350    3.50      0.958284  0.030971  0.009768  0.000977\n",
      "351    3.51      0.958136  0.031068  0.009814  0.000981\n",
      "352    3.52      0.957987  0.031166  0.009861  0.000986\n",
      "353    3.53      0.957838  0.031264  0.009907  0.000991\n",
      "354    3.54      0.957688  0.031362  0.009954  0.000995\n",
      "355    3.55      0.957538  0.031460  0.010001  0.001000\n",
      "356    3.56      0.957387  0.031559  0.010049  0.001005\n",
      "357    3.57      0.957236  0.031658  0.010096  0.001010\n",
      "358    3.58      0.957085  0.031757  0.010143  0.001014\n",
      "359    3.59      0.956933  0.031857  0.010191  0.001019\n",
      "360    3.60      0.956780  0.031957  0.010239  0.001024\n",
      "361    3.61      0.956628  0.032057  0.010287  0.001029\n",
      "362    3.62      0.956474  0.032158  0.010335  0.001033\n",
      "363    3.63      0.956320  0.032258  0.010383  0.001038\n",
      "364    3.64      0.956166  0.032359  0.010431  0.001043\n",
      "365    3.65      0.956011  0.032461  0.010480  0.001048\n",
      "366    3.66      0.955856  0.032562  0.010529  0.001053\n",
      "367    3.67      0.955701  0.032664  0.010577  0.001058\n",
      "368    3.68      0.955545  0.032766  0.010626  0.001063\n",
      "369    3.69      0.955388  0.032869  0.010676  0.001068\n",
      "370    3.70      0.955231  0.032972  0.010725  0.001072\n",
      "371    3.71      0.955074  0.033075  0.010774  0.001077\n",
      "372    3.72      0.954916  0.033178  0.010824  0.001082\n",
      "373    3.73      0.954757  0.033282  0.010874  0.001087\n",
      "374    3.74      0.954598  0.033386  0.010924  0.001092\n",
      "375    3.75      0.954439  0.033490  0.010974  0.001097\n",
      "376    3.76      0.954279  0.033594  0.011024  0.001102\n",
      "377    3.77      0.954119  0.033699  0.011074  0.001107\n",
      "378    3.78      0.953958  0.033804  0.011125  0.001112\n",
      "379    3.79      0.953797  0.033910  0.011176  0.001118\n",
      "380    3.80      0.953635  0.034016  0.011227  0.001123\n",
      "381    3.81      0.953473  0.034122  0.011278  0.001128\n",
      "382    3.82      0.953310  0.034228  0.011329  0.001133\n",
      "383    3.83      0.953147  0.034335  0.011380  0.001138\n",
      "384    3.84      0.952984  0.034442  0.011432  0.001143\n",
      "385    3.85      0.952819  0.034549  0.011483  0.001148\n",
      "386    3.86      0.952655  0.034657  0.011535  0.001154\n",
      "387    3.87      0.952490  0.034765  0.011587  0.001159\n",
      "388    3.88      0.952324  0.034873  0.011639  0.001164\n",
      "389    3.89      0.952158  0.034981  0.011691  0.001169\n",
      "390    3.90      0.951992  0.035090  0.011744  0.001174\n",
      "391    3.91      0.951825  0.035199  0.011797  0.001180\n",
      "392    3.92      0.951657  0.035309  0.011849  0.001185\n",
      "393    3.93      0.951489  0.035418  0.011902  0.001190\n",
      "394    3.94      0.951321  0.035528  0.011955  0.001196\n",
      "395    3.95      0.951152  0.035639  0.012009  0.001201\n",
      "396    3.96      0.950982  0.035749  0.012062  0.001206\n",
      "397    3.97      0.950812  0.035860  0.012116  0.001212\n",
      "398    3.98      0.950642  0.035972  0.012170  0.001217\n",
      "399    3.99      0.950471  0.036083  0.012224  0.001222\n",
      "400    4.00      0.950299  0.036195  0.012278  0.001228\n",
      "401    4.01      0.950127  0.036308  0.012332  0.001233\n",
      "402    4.02      0.949955  0.036420  0.012386  0.001239\n",
      "403    4.03      0.949782  0.036533  0.012441  0.001244\n",
      "404    4.04      0.949608  0.036646  0.012496  0.001250\n",
      "405    4.05      0.949434  0.036760  0.012551  0.001255\n",
      "406    4.06      0.949260  0.036874  0.012606  0.001261\n",
      "407    4.07      0.949085  0.036988  0.012661  0.001266\n",
      "408    4.08      0.948909  0.037102  0.012717  0.001272\n",
      "409    4.09      0.948733  0.037217  0.012772  0.001277\n",
      "410    4.10      0.948557  0.037332  0.012828  0.001283\n",
      "411    4.11      0.948379  0.037448  0.012884  0.001288\n",
      "412    4.12      0.948202  0.037564  0.012940  0.001294\n",
      "413    4.13      0.948024  0.037680  0.012997  0.001300\n",
      "414    4.14      0.947845  0.037796  0.013053  0.001305\n",
      "415    4.15      0.947666  0.037913  0.013110  0.001311\n",
      "416    4.16      0.947486  0.038030  0.013167  0.001317\n",
      "417    4.17      0.947306  0.038147  0.013224  0.001322\n",
      "418    4.18      0.947126  0.038265  0.013281  0.001328\n",
      "419    4.19      0.946944  0.038383  0.013339  0.001334\n",
      "420    4.20      0.946763  0.038502  0.013396  0.001340\n",
      "421    4.21      0.946580  0.038620  0.013454  0.001345\n",
      "422    4.22      0.946398  0.038739  0.013512  0.001351\n",
      "423    4.23      0.946214  0.038859  0.013570  0.001357\n",
      "424    4.24      0.946030  0.038979  0.013628  0.001363\n",
      "425    4.25      0.945846  0.039099  0.013687  0.001369\n",
      "426    4.26      0.945661  0.039219  0.013745  0.001375\n",
      "427    4.27      0.945476  0.039340  0.013804  0.001380\n",
      "428    4.28      0.945290  0.039461  0.013863  0.001386\n",
      "429    4.29      0.945103  0.039582  0.013922  0.001392\n",
      "430    4.30      0.944916  0.039704  0.013982  0.001398\n",
      "431    4.31      0.944729  0.039826  0.014041  0.001404\n",
      "432    4.32      0.944540  0.039948  0.014101  0.001410\n",
      "433    4.33      0.944352  0.040071  0.014161  0.001416\n",
      "434    4.34      0.944163  0.040194  0.014221  0.001422\n",
      "435    4.35      0.943973  0.040318  0.014281  0.001428\n",
      "436    4.36      0.943783  0.040441  0.014342  0.001434\n",
      "437    4.37      0.943592  0.040566  0.014402  0.001440\n",
      "438    4.38      0.943400  0.040690  0.014463  0.001446\n",
      "439    4.39      0.943208  0.040815  0.014524  0.001452\n",
      "440    4.40      0.943016  0.040940  0.014586  0.001459\n",
      "441    4.41      0.942823  0.041065  0.014647  0.001465\n",
      "442    4.42      0.942629  0.041191  0.014709  0.001471\n",
      "443    4.43      0.942435  0.041317  0.014770  0.001477\n",
      "444    4.44      0.942240  0.041444  0.014832  0.001483\n",
      "445    4.45      0.942045  0.041571  0.014895  0.001489\n",
      "446    4.46      0.941849  0.041698  0.014957  0.001496\n",
      "447    4.47      0.941653  0.041826  0.015019  0.001502\n",
      "448    4.48      0.941456  0.041953  0.015082  0.001508\n",
      "449    4.49      0.941259  0.042082  0.015145  0.001515\n",
      "450    4.50      0.941061  0.042210  0.015208  0.001521\n",
      "451    4.51      0.940862  0.042339  0.015272  0.001527\n",
      "452    4.52      0.940663  0.042469  0.015335  0.001534\n",
      "453    4.53      0.940463  0.042598  0.015399  0.001540\n",
      "454    4.54      0.940263  0.042728  0.015463  0.001546\n",
      "455    4.55      0.940062  0.042859  0.015527  0.001553\n",
      "456    4.56      0.939860  0.042989  0.015591  0.001559\n",
      "457    4.57      0.939658  0.043121  0.015656  0.001566\n",
      "458    4.58      0.939456  0.043252  0.015720  0.001572\n",
      "459    4.59      0.939253  0.043384  0.015785  0.001579\n",
      "460    4.60      0.939049  0.043516  0.015850  0.001585\n",
      "461    4.61      0.938845  0.043648  0.015915  0.001592\n",
      "462    4.62      0.938640  0.043781  0.015981  0.001598\n",
      "463    4.63      0.938434  0.043915  0.016047  0.001605\n",
      "464    4.64      0.938228  0.044048  0.016112  0.001611\n",
      "465    4.65      0.938022  0.044182  0.016179  0.001618\n",
      "466    4.66      0.937814  0.044316  0.016245  0.001624\n",
      "467    4.67      0.937606  0.044451  0.016311  0.001631\n",
      "468    4.68      0.937398  0.044586  0.016378  0.001638\n",
      "469    4.69      0.937189  0.044722  0.016445  0.001644\n",
      "470    4.70      0.936980  0.044857  0.016512  0.001651\n",
      "471    4.71      0.936769  0.044993  0.016579  0.001658\n",
      "472    4.72      0.936559  0.045130  0.016647  0.001665\n",
      "473    4.73      0.936347  0.045267  0.016714  0.001671\n",
      "474    4.74      0.936135  0.045404  0.016782  0.001678\n",
      "475    4.75      0.935923  0.045542  0.016850  0.001685\n",
      "476    4.76      0.935710  0.045680  0.016919  0.001692\n",
      "477    4.77      0.935496  0.045818  0.016987  0.001699\n",
      "478    4.78      0.935282  0.045957  0.017056  0.001706\n",
      "479    4.79      0.935067  0.046096  0.017125  0.001712\n",
      "480    4.80      0.934851  0.046235  0.017194  0.001719\n",
      "481    4.81      0.934635  0.046375  0.017263  0.001726\n",
      "482    4.82      0.934418  0.046515  0.017333  0.001733\n",
      "483    4.83      0.934201  0.046656  0.017403  0.001740\n",
      "484    4.84      0.933983  0.046797  0.017473  0.001747\n",
      "485    4.85      0.933765  0.046938  0.017543  0.001754\n",
      "486    4.86      0.933546  0.047080  0.017613  0.001761\n",
      "487    4.87      0.933326  0.047222  0.017684  0.001768\n",
      "488    4.88      0.933105  0.047364  0.017755  0.001775\n",
      "489    4.89      0.932884  0.047507  0.017826  0.001783\n",
      "490    4.90      0.932663  0.047650  0.017897  0.001790\n",
      "491    4.91      0.932441  0.047794  0.017969  0.001797\n",
      "492    4.92      0.932218  0.047938  0.018040  0.001804\n",
      "493    4.93      0.931994  0.048082  0.018112  0.001811\n",
      "494    4.94      0.931770  0.048227  0.018184  0.001818\n",
      "495    4.95      0.931546  0.048372  0.018257  0.001826\n",
      "496    4.96      0.931320  0.048518  0.018329  0.001833\n",
      "497    4.97      0.931094  0.048663  0.018402  0.001840\n",
      "498    4.98      0.930868  0.048810  0.018475  0.001847\n",
      "499    4.99      0.930641  0.048956  0.018548  0.001855\n",
      "500    5.00      0.930413  0.049103  0.018622  0.001862\n",
      "501    5.01      0.930184  0.049251  0.018695  0.001870\n",
      "502    5.02      0.929955  0.049399  0.018769  0.001877\n",
      "503    5.03      0.929726  0.049547  0.018843  0.001884\n",
      "504    5.04      0.929495  0.049695  0.018918  0.001892\n",
      "505    5.05      0.929264  0.049844  0.018992  0.001899\n",
      "506    5.06      0.929033  0.049994  0.019067  0.001907\n",
      "507    5.07      0.928801  0.050143  0.019142  0.001914\n",
      "508    5.08      0.928568  0.050294  0.019217  0.001922\n",
      "509    5.09      0.928334  0.050444  0.019292  0.001929\n",
      "510    5.10      0.928100  0.050595  0.019368  0.001937\n",
      "511    5.11      0.927865  0.050746  0.019444  0.001944\n",
      "512    5.12      0.927630  0.050898  0.019520  0.001952\n",
      "513    5.13      0.927394  0.051050  0.019596  0.001960\n",
      "514    5.14      0.927157  0.051203  0.019673  0.001967\n",
      "515    5.15      0.926920  0.051355  0.019750  0.001975\n",
      "516    5.16      0.926682  0.051509  0.019827  0.001983\n",
      "517    5.17      0.926443  0.051662  0.019904  0.001990\n",
      "518    5.18      0.926204  0.051816  0.019982  0.001998\n",
      "519    5.19      0.925964  0.051971  0.020059  0.002006\n",
      "520    5.20      0.925723  0.052126  0.020137  0.002014\n",
      "521    5.21      0.925482  0.052281  0.020216  0.002022\n",
      "522    5.22      0.925240  0.052437  0.020294  0.002029\n",
      "523    5.23      0.924997  0.052593  0.020373  0.002037\n",
      "524    5.24      0.924754  0.052749  0.020451  0.002045\n",
      "525    5.25      0.924510  0.052906  0.020531  0.002053\n",
      "526    5.26      0.924266  0.053063  0.020610  0.002061\n",
      "527    5.27      0.924020  0.053221  0.020690  0.002069\n",
      "528    5.28      0.923775  0.053379  0.020769  0.002077\n",
      "529    5.29      0.923528  0.053538  0.020849  0.002085\n",
      "530    5.30      0.923281  0.053696  0.020930  0.002093\n",
      "531    5.31      0.923033  0.053856  0.021010  0.002101\n",
      "532    5.32      0.922784  0.054015  0.021091  0.002109\n",
      "533    5.33      0.922535  0.054176  0.021172  0.002117\n",
      "534    5.34      0.922285  0.054336  0.021253  0.002125\n",
      "535    5.35      0.922035  0.054497  0.021335  0.002133\n",
      "536    5.36      0.921783  0.054658  0.021417  0.002142\n",
      "537    5.37      0.921531  0.054820  0.021499  0.002150\n",
      "538    5.38      0.921279  0.054982  0.021581  0.002158\n",
      "539    5.39      0.921026  0.055145  0.021663  0.002166\n",
      "540    5.40      0.920772  0.055308  0.021746  0.002175\n",
      "541    5.41      0.920517  0.055471  0.021829  0.002183\n",
      "542    5.42      0.920262  0.055635  0.021912  0.002191\n",
      "543    5.43      0.920006  0.055799  0.021996  0.002200\n",
      "544    5.44      0.919749  0.055964  0.022079  0.002208\n",
      "545    5.45      0.919492  0.056129  0.022163  0.002216\n",
      "546    5.46      0.919234  0.056294  0.022248  0.002225\n",
      "547    5.47      0.918975  0.056460  0.022332  0.002233\n",
      "548    5.48      0.918716  0.056626  0.022417  0.002242\n",
      "549    5.49      0.918455  0.056793  0.022502  0.002250\n",
      "550    5.50      0.918195  0.056960  0.022587  0.002259\n",
      "551    5.51      0.917933  0.057127  0.022672  0.002267\n",
      "552    5.52      0.917671  0.057295  0.022758  0.002276\n",
      "553    5.53      0.917408  0.057464  0.022844  0.002284\n",
      "554    5.54      0.917144  0.057633  0.022930  0.002293\n",
      "555    5.55      0.916880  0.057802  0.023016  0.002302\n",
      "556    5.56      0.916615  0.057971  0.023103  0.002310\n",
      "557    5.57      0.916349  0.058141  0.023190  0.002319\n",
      "558    5.58      0.916083  0.058312  0.023277  0.002328\n",
      "559    5.59      0.915816  0.058483  0.023365  0.002336\n",
      "560    5.60      0.915548  0.058654  0.023453  0.002345\n",
      "561    5.61      0.915280  0.058826  0.023541  0.002354\n",
      "562    5.62      0.915010  0.058998  0.023629  0.002363\n",
      "563    5.63      0.914741  0.059170  0.023717  0.002372\n",
      "564    5.64      0.914470  0.059343  0.023806  0.002381\n",
      "565    5.65      0.914199  0.059517  0.023895  0.002390\n",
      "566    5.66      0.913927  0.059691  0.023984  0.002398\n",
      "567    5.67      0.913654  0.059865  0.024074  0.002407\n",
      "568    5.68      0.913380  0.060040  0.024164  0.002416\n",
      "569    5.69      0.913106  0.060215  0.024254  0.002425\n",
      "570    5.70      0.912831  0.060390  0.024344  0.002434\n",
      "571    5.71      0.912556  0.060566  0.024435  0.002443\n",
      "572    5.72      0.912279  0.060743  0.024525  0.002453\n",
      "573    5.73      0.912002  0.060920  0.024617  0.002462\n",
      "574    5.74      0.911724  0.061097  0.024708  0.002471\n",
      "575    5.75      0.911446  0.061275  0.024800  0.002480\n",
